{
    "TourSize" : 6,
    "OptTour" : [15, 11, 8, 4, 1, 9],
    "OptDistance" : 1200,
    "DistanceMatrix" :
        [[0, 633, 257, 91, 412, 150],
        [633, 0, 390, 661, 227, 488],
        [257, 390, 0, 228, 169, 112],
        [91, 661, 228, 0, 383, 120],
        [412, 227, 169, 383, 0, 267],
        [150, 488, 112, 120, 267, 0],
            }
